0 0.31794 0.04225238444607484 0.055025 0.0744534115920763
0 0.42039 0.05428466617754952 0.04869 0.07904622157006602
0 0.590285 0.19866471019809243 0.03385 0.08172413793103449
0 0.54752 0.2457373440939105 0.059734999999999996 0.11098312545854733
0 0.929375 0.33696258253851796 0.062625 0.09640498899486427
0 0.826875 0.18659574468085108 0.038645000000000006 0.09139398385913426
0 0.781825 0.4606749816581071 0.079325 0.1203815113719736
0 0.677605 0.1231474688187821 0.06759 0.11356566397652237
0 0.073385 0.6589435069699193 0.125455 0.36451944240645634
0 0.25578 0.1666984592809978 0.05218 0.07718268525311812
0 0.34306 0.16578870139398386 0.07472 0.11873807776962583
0 0.494625 0.40028613352898024 0.06453 0.13716801173881146