0 0.3277262180974478 0.19043478260869565 0.06380510440835267 0.08869565217391304
0 0.7515197215777262 0.2528 0.08160092807424595 0.11109565217391305
0 0.5694779582366589 0.2557217391304348 0.05825986078886311 0.08980869565217392
0 0.2641415313225058 0.27010434782608694 0.04662412993039443 0.09250434782608695
0 0.9253016241299304 0.2946608695652174 0.08962877030162414 0.10587826086956523
0 0.49093967517401393 0.3382608695652174 0.10143851508120649 0.13335652173913046
0 0.3102088167053364 0.03973913043478261 0.05336426914153132 0.07300869565217391
0 0.6795011600928075 0.40196521739130436 0.11526682134570766 0.18686956521739131
0 0.2240951276102088 0.45598260869565216 0.10114849187935035 0.15702608695652176
0 0.07222737819025522 0.4694608695652174 0.1175986078886311 0.15751304347826087
0 0.8217865429234339 0.4736173913043478 0.1005336426914153 0.16711304347826086
0 0.650092807424594 0.6409391304347827 0.11401392111368909 0.17460869565217393
0 0.36104408352668216 0.6215826086956522 0.1344199535962877 0.19010434782608696
0 0.14917633410672854 0.07046956521739131 0.05252900232018562 0.10998260869565218
0 0.9782134570765662 0.08446956521739131 0.043573085846867754 0.08561739130434783
0 0.7579350348027842 0.7672869565217392 0.10870069605568446 0.19525217391304348
0 0.20877030162412993 0.8470608695652174 0.16059164733178655 0.24321739130434783
0 0.7329930394431555 0.1006608695652174 0.0819721577726218 0.0887304347826087
0 0.6288747099767982 0.10163478260869564 0.08147331786542925 0.1278086956521739
0 0.2302784222737819 0.10231304347826087 0.07763341067285383 0.13363478260869566
0 0.09005800464037123 0.12234782608695652 0.06981438515081206 0.11017391304347826
0 0.8651972157772622 0.12737391304347825 0.048874709976798145 0.11690434782608695
0 0.43793503480278423 0.13826086956521738 0.05916473317865429 0.10260869565217391