0 0.739125 0.12390386869871044 0.0346953125 0.056084407971864016
0 0.64325 0.13468933177022274 0.04359375 0.07103165298944901
0 0.579296875 0.14302461899179367 0.03203125 0.06096131301289566
0 0.6810390625 0.18395076201641267 0.038921875 0.07682297772567409
0 0.532421875 0.194021101992966 0.04140625 0.07620164126611957
0 0.60478125 0.2145134818288394 0.044671875 0.06590855803048065
0 0.561484375 0.3112075029308323 0.049984375 0.10349355216881595
0 0.4751875 0.4086987104337632 0.06869531250000001 0.11731535756154747
0 0.723328125 0.4155334114888628 0.05298437499999999 0.10159437280187573
0 0.6584375 0.4397655334114889 0.06109375 0.13611957796014068
0 0.1218046875 0.4905275498241501 0.13897656249999998 0.27267291910902697
0 0.55675 0.5329660023446658 0.07913281250000001 0.11165298944900351
0 0.43420312499999997 0.6509730363423212 0.13690625 0.25813599062133646
0 0.8305078124999999 0.7363657678780774 0.10130468749999999 0.20112543962485346
0 0.5409843750000001 0.7597303634232121 0.0731328125 0.19943728018757328
0 0.6903359375 0.7937514654161782 0.16096875 0.2599062133645955