0 0.8821101694915255 0.18681229773462785 0.041940677966101694 0.10176375404530745
0 0.2533813559322034 0.2600809061488673 0.07635593220338982 0.1676537216828479
0 0.12670338983050847 0.2849676375404531 0.07004237288135594 0.1585275080906149
0 0.5473220338983051 0.29071197411003236 0.07070338983050849 0.1750485436893204
0 0.9623305084745762 0.3423462783171521 0.05508474576271186 0.14051779935275083
0 0.19474576271186442 0.4108414239482201 0.0784406779661017 0.12940129449838186
0 0.8671101694915254 0.4187216828478964 0.053593220338983054 0.10008090614886732
0 0.6273559322033898 0.46778317152103555 0.08011864406779662 0.14218446601941748
0 0.44227966101694915 0.5512297734627832 0.11028813559322033 0.23067961165048545
0 0.3375 0.5285436893203883 0.0820677966101695 0.1984789644012945
0 0.19783050847457626 0.5811165048543689 0.07666949152542372 0.16991909385113269
0 0.876 0.6190776699029126 0.09640677966101695 0.2585113268608414
0 0.6036440677966102 0.6474595469255663 0.10672033898305085 0.20559870550161813
0 0.698 0.14690938511326862 0.06027966101694915 0.13284789644012945
0 0.48416949152542377 0.26496763754045305 0.05396610169491525 0.12862459546925564